21 155
21 156
21 157
22 157
23 157
24 157
25 157
25 156
26 156
26 157
26 158
26 159
25 159
25 160
25 161
25 162
25 163
25 164
24 164
23 164
22 164
21 164
20 164
19 164
18 164
17 164
16 164
16 163
16 162
16 161
16 160
15 160
15 159
15 158
15 157
15 156
15 155
16 155
16 154
17 154
18 154
19 154
19 153
20 153
20 152
20 151
21 151
22 151
23 151
24 151
25 151
25 152
25 153
26 153
27 153
28 153
29 153
29 154
30 154
30 155
30 156
30 157
30 158
30 159
29 159
29 160
28 160
28 161
28 162
28 163
28 164
28 165
27 165
27 166
26 166
26 167
25 167
24 167
23 167
22 167
21 167
20 167
19 167
18 167
17 167
16 167
15 167
14 167
13 167
13 166
13 165
13 164
13 163
13 162
13 161
13 160
12 160
12 159
12 158
12 157
12 156
12 155
12 154
13 154
13 153
14 153
15 153
15 152
16 152
17 152
17 151
18 151
18 150
19 150
19 149
19 148
20 148
21 148
22 148
23 148
24 148
25 148
26 148
26 149
27 149
27 150
28 150
28 151
29 151
30 151
30 152
31 152
32 152
33 152
33 153
33 154
33 155
33 156
33 157
33 158
33 159
32 159
32 160
31 160
31 161
30 161
30 162
30 163
30 164
30 165
30 166
30 167
30 168
29 168
29 169
28 169
27 169
26 169
25 169
24 169
23 169
22 169
21 169
20 169
19 169
18 169
17 169
16 169
15 169
14 169
13 169
12 169
11 169
11 168
11 167
10 167
10 166
10 165
10 164
10 163
10 162
10 161
10 160
9 160
9 159
9 158
9 157
9 156
9 155
9 154
9 153
9 152
10 152
10 151
11 151
12 151
13 151
13 150
14 150
15 150
15 149
16 149
16 148
17 148
17 147
18 147
18 146
19 146
19 145
20 145
21 145
22 145
23 145
24 145
25 145
26 145
27 145
27 146
28 146
28 147
29 147
29 148
30 148
30 149
31 149
32 149
32 150
33 150
34 150
34 151
35 151
36 151
36 152
36 153
36 154
36 155
36 156
36 157
36 158
35 158
35 159
35 160
34 160
34 161
33 161
33 162
33 163
33 164
32 164
32 165
32 166
32 167
32 168
32 169
32 170
31 170
31 171
30 171
30 172
29 172
28 172
27 172
26 172
25 172
24 172
23 172
22 172
21 172
20 172
19 172
18 172
17 172
16 172
15 172
14 172
13 172
12 172
11 172
10 172
10 171
9 171
9 170
8 170
7 170
6 170
6 169
6 168
6 167
6 166
6 165
6 164
6 163
6 162
6 161
6 160
6 159
6 158
6 157
6 156
6 155
6 154
6 153
6 152
6 151
7 151
7 150
8 150
9 150
9 149
10 149
10 148
11 148
12 148
13 148
13 147
14 147
14 146
15 146
15 145
16 145
16 144
17 144
17 143
17 142
17 141
17 140
17 139
17 138
17 137
17 136
17 135
17 134
17 133
17 132
17 131
17 130
17 129
17 128
17 127
17 126
17 125
17 124
17 123
17 122
17 121
17 120
18 120
19 120
19 119
19 118
20 118
21 118
22 118
23 118
24 118
25 118
26 118
27 118
27 117
27 116
27 115
28 115
29 115
29 114
29 113
29 112
29 111
29 110
29 109
29 108
29 107
29 106
29 105
29 104
29 103
29 102
29 101
29 100
29 99
29 98
29 97
29 96
29 95
29 94
29 93
29 92
29 91
29 90
29 89
29 88
29 87
29 86
29 85
29 84
29 83
29 82
28 82
28 81
28 80
28 79
28 78
28 77
28 76
28 75
28 74
28 73
28 72
28 71
28 70
28 69
28 68
28 67
28 66
28 65
28 64
28 63
28 62
28 61
28 60
28 59
28 58
28 57
28 56
28 55
28 54
28 53
28 52
28 51
28 50
28 49
28 48
28 47
28 46
28 45
28 44
28 43
27 43
26 43
26 42
26 41
25 41
25 40
25 39
25 38
25 37
25 36
25 35
25 34
24 34
24 33
24 32
24 31
24 30
24 29
24 28
24 27
24 26
24 25
24 24
24 23
24 22
24 21
24 20
24 19
24 18
24 17
23 17
22 17
21 17
21 16
21 15
21 14
21 13
21 12
21 11
21 10
21 9
21 8
21 7
21 6
21 5
21 4
21 3
21 2
